 Frequency distribution

 ============================================ 
 ========================================    
 Class    LowBound    UppBound Class Mark     
 Freq.    RelFreq.   CumFreq.   RelCumFreq   
 ============================================ 
 ========================================    1.00000          0         10          5          6       0.06          6       0.06 
2.00000         10         20         15          8       0.08         14       0.14 
3.00000         20         30         25         16       0.16         30        0.3 
4.00000         30         40         35         10        0.1         40        0.4 
5.00000         40         50         45         10        0.1         50        0.5 
6.00000         50         60         55         12       0.12         62       0.62 
7.00000         60         70         65         13       0.13         75       0.75 
8.00000         70         80         75          6       0.06         81       0.81 
9.00000         80         90         85         12       0.12         93       0.93 
10.00000         90        100         95          7       0.07        100          1 

 ============================================ 
 ========================================   
